{"C_12IPVadamsA_01":[1.0,4.180156e-07,1.497033e-06,0.0,1.192093e-07,0.9396926,-0.3420202,0.0,-1.549721e-06,0.3420202,0.9396926,0.0,-0.001414806,-2.406306,0.7749988,1.0],"C_12IPVadamsA_02":[1.0,4.180156e-07,1.497033e-06,0.0,1.192093e-07,0.9396926,-0.3420202,0.0,-1.549721e-06,0.3420202,0.9396926,0.0,-0.0005815537,-2.366313,0.7771635,1.0],"C_12IPVnoseL_01":[1.0,-0.0,-4.768372e-07,0.0,0.0,1.0,-0.0,0.0,4.768373e-07,0.0,1.0,0.0,-0.001928872,-2.629448,-0.195736,1.0],"C_12IPVnoseL_02":[1.0,-0.0,-4.768372e-07,0.0,0.0,1.0,-0.0,0.0,4.768373e-07,0.0,1.0,0.0,-0.001655759,-2.62059,-0.1913273,1.0],"C_adamsApple":[1.000004,6.402644e-07,1.431279e-06,0.0,1.611545e-07,0.8660288,-0.5000021,0.0,-1.559657e-06,0.5000021,0.8660288,0.0,-0.0006135,-2.2138,1.179508,1.0],"C_chin":[1.000006,-6.210176e-08,-3.521965e-07,0.0,-5.32912e-15,0.9848132,-0.1736491,0.0,3.5763e-07,0.1736491,0.9848131,0.0,-0.001768433,-2.544237,0.2844434,1.0],"C_chin_01":[1.0,6.210143e-08,-3.521947e-07,0.0,0.0,0.984808,0.1736482,0.0,3.57628e-07,-0.1736482,0.9848079,0.0,-0.0006645464,-2.487828,-0.6243347,1.0],"C_chin_02":[1.0,-3.116932e-08,-3.56267e-07,0.0,0.0,0.9961948,-0.08715573,0.0,3.57628e-07,0.08715574,0.9961948,0.0,-0.000898262,-2.555676,0.04067879,1.0],"C_chin_03":[1.0,-3.371748e-07,-3.371748e-07,0.0,0.0,0.7071069,-0.7071069,0.0,4.768373e-07,0.7071069,0.7071069,0.0,-0.00110589,-1.920091,1.671911,1.0],"C_forehead":[1.000005,3.116946e-08,-3.562686e-07,0.0,-5.329117e-15,0.9961994,0.08715612,0.0,3.576297e-07,-0.08715613,0.9961993,0.0,-0.00244427,-2.70306,-0.400469,1.0],"C_foreheadSkin":[1.0,1.234146e-07,-4.605893e-07,0.0,0.0,0.9659259,0.2588191,0.0,4.768373e-07,-0.2588191,0.9659259,0.0,-0.001444648,-2.622797,-0.8737969,1.0],"C_forehead_01":[1.0,8.28019e-08,-4.69593e-07,0.0,0.0,0.984808,0.1736482,0.0,4.768373e-07,-0.1736482,0.9848079,0.0,-0.002230762,-2.676295,-0.6416413,1.0],"C_forehead_02":[1.0,-0.0,-4.768372e-07,0.0,0.0,1.0,-0.0,0.0,4.768373e-07,0.0,1.0,0.0,-0.002276486,-2.731068,-0.1734098,1.0],"C_forehead_03":[1.0,-4.15591e-08,-4.750227e-07,0.0,0.0,0.9961948,-0.08715573,0.0,4.768373e-07,0.08715574,0.9961948,0.0,-0.00182799,-2.721539,0.06155839,1.0],"C_hairA_01":[1.0,1.78814e-07,-3.097149e-07,0.0,0.0,0.8660255,0.5000001,0.0,3.57628e-07,-0.5000001,0.8660256,0.0,-0.0006110962,-2.336334,-1.52607,1.0],"C_hairA_02":[1.0,1.78814e-07,-3.097149e-07,0.0,0.0,0.8660255,0.5000001,0.0,3.57628e-07,-0.5000001,0.8660256,0.0,-0.0004807077,-2.358628,-1.521864,1.0],"C_hairA_03":[1.0,-2.528811e-07,-2.528811e-07,0.0,0.0,0.7071069,-0.7071069,0.0,3.57628e-07,0.7071069,0.7071069,0.0,-0.0006695669,-2.076641,1.911899,1.0],"C_hairA_04":[1.0,-1.78814e-07,-3.097149e-07,0.0,0.0,0.8660255,-0.5000001,0.0,3.57628e-07,0.5000001,0.8660256,0.0,-0.001515138,-2.496494,1.350432,1.0],"C_hairA_05":[1.0,-8.28019e-08,-4.69593e-07,0.0,0.0,0.984808,-0.1736482,0.0,4.768373e-07,0.1736482,0.9848079,0.0,-0.00262849,-2.80843,0.4666522,1.0],"C_hairA_06":[1.0,8.28019e-08,-4.69593e-07,0.0,0.0,0.984808,0.1736482,0.0,4.768373e-07,-0.1736482,0.9848079,0.0,-0.003218826,-2.802051,-0.4653209,1.0],"C_hair_01":[0.0,1.0,-1.192094e-07,0.0,0.8706141,5.864714e-08,0.4919679,0.0,0.491968,-1.037853e-07,-0.8706142,0.0,-2.315841,-1.707828e-07,-1.43263,1.0],"C_hair_02":[0.0,1.0,-1.192094e-07,0.0,0.8706141,5.864714e-08,0.4919679,0.0,0.491968,-1.037853e-07,-0.8706142,0.0,-2.211807,-1.707827e-07,-1.43263,1.0],"C_hair_03":[0.0,1.0,-1.192094e-07,0.0,0.8706141,5.864714e-08,0.4919679,0.0,0.491968,-1.037853e-07,-0.8706142,0.0,-2.107773,-1.707828e-07,-1.43263,1.0],"C_hair_04":[0.0,1.0,-1.192094e-07,0.0,0.8706141,5.864714e-08,0.4919679,0.0,0.491968,-1.037853e-07,-0.8706142,0.0,-2.003738,-1.707828e-07,-1.43263,1.0],"C_hair_05":[0.0,1.0,-1.192094e-07,0.0,0.8706141,5.864714e-08,0.4919679,0.0,0.491968,-1.037853e-07,-0.8706142,0.0,-1.899704,-1.707828e-07,-1.43263,1.0],"C_hair_06":[0.0,1.0,-1.192094e-07,0.0,0.8706141,5.864714e-08,0.4919679,0.0,0.491968,-1.037853e-07,-0.8706142,0.0,-1.79567,-1.707828e-07,-1.43263,1.0],"C_hair_07":[0.0,1.0,-1.192094e-07,0.0,0.8706141,5.864714e-08,0.4919679,0.0,0.491968,-1.037853e-07,-0.8706142,0.0,-1.691636,-1.707828e-07,-1.43263,1.0],"C_hair_08":[0.0,1.0,-1.192094e-07,0.0,0.8706141,5.864714e-08,0.4919679,0.0,0.491968,-1.037853e-07,-0.8706142,0.0,-1.587602,-1.707828e-07,-1.43263,1.0],"C_hair_09":[0.0,1.0,-1.192094e-07,0.0,0.8706141,5.864714e-08,0.4919679,0.0,0.491968,-1.037853e-07,-0.8706142,0.0,-1.483567,-1.707828e-07,-1.43263,1.0],"C_hair_10":[0.0,1.0,-1.192094e-07,0.0,0.8706141,5.864714e-08,0.4919679,0.0,0.491968,-1.037853e-07,-0.8706142,0.0,-1.379533,-1.707828e-07,-1.43263,1.0],"C_hair_11":[0.0,1.0,-1.192094e-07,0.0,0.8706141,5.864714e-08,0.4919679,0.0,0.491968,-1.037853e-07,-0.8706142,0.0,-1.275499,-1.707828e-07,-1.43263,1.0],"C_hair_12":[0.0,1.0,-1.192094e-07,0.0,0.8706141,5.864714e-08,0.4919679,0.0,0.491968,-1.037853e-07,-0.8706142,0.0,-1.171465,-1.707828e-07,-1.43263,1.0],"C_hair_13":[0.0,1.0,-1.192094e-07,0.0,0.8706141,5.864714e-08,0.4919679,0.0,0.491968,-1.037853e-07,-0.8706142,0.0,-1.067431,-1.707828e-07,-1.43263,1.0],"C_hair_14":[0.0,1.0,-1.192094e-07,0.0,0.8706141,5.864714e-08,0.4919679,0.0,0.491968,-1.037853e-07,-0.8706142,0.0,-0.9633967,-1.707828e-07,-1.43263,1.0],"C_hair_15":[0.0,1.0,-1.192094e-07,0.0,0.8706141,5.864714e-08,0.4919679,0.0,0.491968,-1.037853e-07,-0.8706142,0.0,-0.8593625,-1.707828e-07,-1.43263,1.0],"C_hair_16":[0.0,1.0,-1.192094e-07,0.0,0.8706141,5.864714e-08,0.4919679,0.0,0.491968,-1.037853e-07,-0.8706142,0.0,-0.7553284,-1.707828e-07,-1.43263,1.0],"C_hair_17":[0.08107018,0.996708,-3.576277e-07,0.0,0.784296,-0.06379274,0.617098,0.0,0.6150669,-0.05002853,-0.7868859,0.0,-0.4170983,0.03392525,-1.5126,1.0],"C_hair_18":[0.0227536,0.999729,0.004912929,0.0,0.7479076,-0.02028277,0.663493,0.0,0.6634133,-0.01142244,-0.748166,0.0,-0.2119871,0.02162025,-1.528157,1.0],"C_hair_19":[0.0227536,0.999729,0.004912929,0.0,0.7479076,-0.02028277,0.663493,0.0,0.6634133,-0.01142244,-0.748166,0.0,-0.01884611,0.02162024,-1.528157,1.0],"C_hair_20":[-0.06841166,0.997645,0.004913077,0.0,0.7466456,0.04793232,0.6634931,0.0,0.6616954,0.04905897,-0.7481661,0.0,0.1716006,0.03740785,-1.528157,1.0],"C_hair_21":[-0.06841166,0.997645,0.004913077,0.0,0.7466456,0.04793232,0.6634931,0.0,0.6616954,0.04905897,-0.7481661,0.0,0.3647415,0.03740784,-1.528157,1.0],"C_hair_22":[-0.02188409,0.9996831,0.01243735,0.0,0.8166828,0.01069953,0.576988,0.0,0.5766723,0.02278423,-0.816658,0.0,0.3870301,0.01977842,-1.580415,1.0],"C_hair_End":[-0.02092542,0.9996832,0.01399014,0.0,0.8563408,0.01069959,0.5163,0.0,0.5159864,0.02278412,-0.8562941,0.0,0.4641391,0.01977821,-1.618297,1.0],"C_head":[1.0,0.0,0.0,0.0,0.0,1.0,0.0,0.0,-0.0,0.0,1.0,0.0,9.749148e-18,-2.656255,-0.03099696,1.0],"C_head_Target":[1.0,0.0,0.0,0.0,0.0,1.0,0.0,0.0,-0.0,0.0,1.0,0.0,-0.0,-2.878505,-0.03099696,1.0],"C_jaw":[1.0,-2.298788e-07,-2.739589e-07,0.0,0.0,0.7660446,-0.6427878,0.0,3.57628e-07,0.6427878,0.7660446,0.0,-0.003142005,-2.062095,1.671084,1.0],"C_jawline":[1.000006,-3.360621e-07,-1.223165e-07,0.0,-5.32912e-15,0.3420219,-0.9396978,0.0,3.5763e-07,0.9396979,0.3420219,0.0,-0.001468909,-1.007987,2.327547,1.0],"C_kuruOffset_01":[1.0,0.0,0.0,0.0,0.0,1.0,0.0,0.0,-0.0,0.0,1.0,0.0,-0.0,-2.630437,0.15913,1.0],"C_kuruOffset_02":[1.0,0.0,0.0,0.0,0.0,1.0,0.0,0.0,-0.0,0.0,1.0,0.0,0.01807241,-0.8840044,1.258698,1.0],"C_lipLower":[1.000006,-6.210179e-08,-3.521968e-07,0.0,-5.329124e-15,0.9848139,-0.1736492,0.0,3.576303e-07,0.1736492,0.9848137,0.0,-3.984482e-05,-2.571919,0.2702939,1.0],"C_lipLowerSkin":[1.0,-6.210143e-08,-3.521947e-07,0.0,0.0,0.984808,-0.1736482,0.0,3.57628e-07,0.1736482,0.9848079,0.0,-0.0003438647,-2.564077,0.2718209,1.0],"C_lipLower_01":[1.000007,-6.210183e-08,-3.52197e-07,0.0,-5.329128e-15,0.9848145,-0.1736493,0.0,3.576305e-07,0.1736493,0.9848144,0.0,-0.0002606338,-2.571896,0.2616585,1.0],"C_lipLower_02":[1.000007,-6.210183e-08,-3.52197e-07,0.0,-5.329128e-15,0.9848145,-0.1736493,0.0,3.576305e-07,0.1736493,0.9848144,0.0,-0.000806733,-2.586905,0.2660156,1.0],"C_lipLower_03":[1.000007,-6.210183e-08,-3.52197e-07,0.0,-5.329128e-15,0.9848145,-0.1736493,0.0,3.576305e-07,0.1736493,0.9848144,0.0,-0.0009128788,-2.580344,0.2745166,1.0],"C_lipUpper":[1.000006,6.210175e-08,-3.521965e-07,0.0,-5.32912e-15,0.9848132,0.1736491,0.0,3.5763e-07,-0.1736491,0.9848131,0.0,-0.0008775627,-2.534307,-0.6359278,1.0],"C_lipUpperSkin":[1.0,4.15591e-08,-4.750227e-07,0.0,0.0,0.9961948,0.08715573,0.0,4.768373e-07,-0.08715574,0.9961948,0.0,-0.00152017,-2.589298,-0.4195296,1.0],"C_lipUpper_01":[1.000006,6.21018e-08,-3.521968e-07,0.0,-5.329124e-15,0.984814,0.1736492,0.0,3.576303e-07,-0.1736492,0.9848139,0.0,-0.0008831035,-2.533967,-0.6481779,1.0],"C_lipUpper_02":[1.000006,6.21018e-08,-3.521968e-07,0.0,-5.329124e-15,0.984814,0.1736492,0.0,3.576303e-07,-0.1736492,0.9848139,0.0,-0.0006762997,-2.521903,-0.6379571,1.0],"C_lipUpper_03":[1.000006,6.21018e-08,-3.521968e-07,0.0,-5.329124e-15,0.984814,0.1736492,0.0,3.576303e-07,-0.1736492,0.9848139,0.0,-0.0008307357,-2.531599,-0.6307905,1.0],"C_neckB":[1.0,3.56732e-07,1.76834e-06,0.0,2.384186e-07,0.9455186,-0.3255681,0.0,-1.78814e-06,0.3255681,0.9455186,0.0,-0.001852135,-2.332888,0.7381027,1.0],"C_neckBackA":[1.0,-3.865044e-07,1.505477e-06,0.0,1.192093e-07,0.9848079,0.1736482,0.0,-1.549721e-06,-0.1736482,0.9848079,0.0,-0.001695222,-2.585447,-0.4037482,1.0],"C_neckBackB":[1.0,-8.166455e-08,1.802115e-06,0.0,2.384186e-07,0.9961948,-0.08715585,0.0,-1.78814e-06,0.08715585,0.9961948,0.0,-0.002315745,-2.54402,0.2795907,1.0],"C_neck_01":[1.000002,0.0,0.0,0.0,0.0,0.9675111,-0.252837,0.0,0.0,0.252837,0.9675111,0.0,9.749167e-18,-2.317306,0.6416094,1.0],"C_neck_01_driver01":[1.0,0.0,0.0,0.0,0.0,0.9675092,-0.252836,0.0,-0.0,0.252836,0.9675092,0.0,-0.0,-2.317302,0.541608,1.0],"C_neck_02":[1.000003,0.0,0.0,0.0,0.0,0.9675118,-0.2528372,0.0,0.0,0.2528372,0.9675118,0.0,9.749173e-18,-2.447551,0.6416098,1.0],"C_neck_bend01":[1.0,0.0,0.0,0.0,0.0,0.9675092,-0.252836,0.0,-0.0,0.252836,0.9675092,0.0,-0.0,-2.317302,0.6416079,1.0],"C_neck_expand01":[1.0,0.0,0.0,0.0,0.0,0.9675092,-0.252836,0.0,-0.0,0.252836,0.9675092,0.0,-0.0,-2.317302,0.560522,1.0],"C_neck_expand010":[1.0,0.0,0.0,0.0,0.0,0.9675092,-0.252836,0.0,-0.0,0.252836,0.9675092,0.0,0.08000001,-2.539366,0.6416079,1.0],"C_neck_expand02":[1.0,0.0,0.0,0.0,0.0,0.9675092,-0.252836,0.0,-0.0,0.252836,0.9675092,0.0,0.07373482,-2.350943,0.6416084,1.0],"C_neck_expand04":[1.0,0.0,0.0,0.0,0.0,0.9675092,-0.252836,0.0,-0.0,0.252836,0.9675092,0.0,-0.0,-2.317302,0.7348277,1.0],"C_neck_expand06":[1.0,0.0,-0.0,0.0,0.0,-0.967509,0.2528362,0.0,-0.0,-0.2528362,-0.967509,0.0,-0.07373482,2.350943,-0.641609,1.0],"C_neck_expand07":[1.0,0.0,0.0,0.0,0.0,0.9675092,-0.252836,0.0,-0.0,0.252836,0.9675092,0.0,-0.0,-2.493977,0.5584419,1.0],"C_neck_expand08":[1.0,0.0,0.0,0.0,0.0,0.9675092,-0.252836,0.0,-0.0,0.252836,0.9675092,0.0,-0.0,-2.538438,0.7323714,1.0],"C_neck_expand09":[1.0,0.0,0.0,0.0,0.0,0.9675092,-0.252836,0.0,-0.0,0.252836,0.9675092,0.0,-0.0,-2.538438,0.7423715,1.0],"C_neck_expand11":[1.0,0.0,-0.0,0.0,0.0,-0.967509,0.2528362,0.0,-0.0,-0.2528362,-0.967509,0.0,-0.08000001,2.539365,-0.6416085,1.0],"C_neck_twist01":[1.0,0.0,0.0,0.0,0.0,0.9675092,-0.252836,0.0,-0.0,0.252836,0.9675092,0.0,-0.0,-2.3851,0.6416079,1.0],"C_neck_twist02":[1.0,0.0,0.0,0.0,0.0,0.9675092,-0.252836,0.0,-0.0,0.252836,0.9675092,0.0,-0.0,-2.466428,0.6416079,1.0],"C_neck_twist03":[1.0,0.0,0.0,0.0,0.0,0.9675092,-0.252836,0.0,-0.0,0.252836,0.9675092,0.0,-0.0,-2.539366,0.6416079,1.0],"C_nose":[1.0,1.234146e-07,-4.605893e-07,0.0,0.0,0.9659259,0.2588191,0.0,4.768373e-07,-0.2588191,0.9659259,0.0,-0.001571168,-2.538896,-0.8638532,1.0],"C_noseBridge":[1.0,-4.15591e-08,-4.750227e-07,0.0,0.0,0.9961948,-0.08715573,0.0,4.768373e-07,0.08715574,0.9961948,0.0,-0.001802435,-2.712186,0.0603543,1.0],"C_noseLower":[1.0,-0.0,-4.768372e-07,0.0,0.0,1.0,-0.0,0.0,4.768373e-07,0.0,1.0,0.0,-0.001774849,-2.625768,-0.1906053,1.0],"C_noseTip":[1.0,4.15591e-08,-4.750227e-07,0.0,0.0,0.9961948,0.08715573,0.0,4.768373e-07,-0.08715574,0.9961948,0.0,-0.001896592,-2.615536,-0.4315452,1.0],"C_noseUpper":[1.0,2.015201e-07,-4.321612e-07,0.0,0.0,0.9063079,0.4226182,0.0,4.768373e-07,-0.4226183,0.9063078,0.0,-0.001676501,-2.351049,-1.305802,1.0],"C_pelvis":[1.0,0.0,0.0,0.0,0.0,1.0,0.0,0.0,-0.0,0.0,1.0,0.0,-0.0,-1.613653,-0.0,1.0],"C_pelvis_expand01":[1.0,0.0,0.0,0.0,0.0,1.0,0.0,0.0,-0.0,0.0,1.0,0.0,0.01611499,-1.501685,-0.1223197,1.0],"C_pelvis_expand02":[1.0,0.0,0.0,0.0,0.0,1.0,0.0,0.0,-0.0,0.0,1.0,0.0,-0.01611499,-1.501685,-0.1223197,1.0],"C_skull":[1.000005,1.788148e-07,-3.097162e-07,0.0,-5.329117e-15,0.8660296,0.5000024,0.0,3.576297e-07,-0.5000025,0.8660296,0.0,-0.001782312,-2.325131,-1.398993,1.0],"C_spine_01":[1.0,0.0,0.0,0.0,0.0,1.0,0.0,0.0,-0.0,0.0,1.0,0.0,-0.0,-1.717318,-0.0,1.0],"C_spine_01_driver01":[1.0,0.0,0.0,0.0,0.0,1.0,0.0,0.0,-0.0,0.0,1.0,0.0,-0.0,-1.717318,-0.1258584,1.0],"C_spine_01_driver02":[1.0,0.0,0.0,0.0,0.0,1.0,0.0,0.0,-0.0,0.0,1.0,0.0,0.1258584,-1.717318,-0.0,1.0],"C_spine_01_driver03":[1.0,0.0,0.0,0.0,0.0,1.0,0.0,0.0,-0.0,0.0,1.0,0.0,-0.0,-1.717318,0.1258584,1.0],"C_spine_01_driver04":[1.0,0.0,0.0,0.0,0.0,1.0,0.0,0.0,-0.0,0.0,1.0,0.0,-0.1258584,-1.717318,-0.0,1.0],"C_spine_01_expand01":[1.0,0.0,0.0,0.0,0.0,1.0,0.0,0.0,-0.0,0.0,1.0,0.0,-0.0,-1.717318,-0.18,1.0],"C_spine_01_expand02":[1.0,0.0,0.0,0.0,0.0,1.0,0.0,0.0,-0.0,0.0,1.0,0.0,0.2,-1.717318,-0.0,1.0],"C_spine_01_expand03":[1.0,0.0,0.0,0.0,0.0,1.0,0.0,0.0,-0.0,0.0,1.0,0.0,-0.0,-1.717318,0.1,1.0],"C_spine_01_expand04":[1.0,0.0,-0.0,0.0,0.0,-1.0,1.192093e-07,0.0,-0.0,-1.192093e-07,-1.0,0.0,-0.2,1.71732,-2.047206e-07,1.0],"C_spine_02":[1.0,0.0,0.0,0.0,0.0,1.0,0.0,0.0,-0.0,0.0,1.0,0.0,-0.0,-1.843177,-0.0,1.0],"C_spine_02_driver01":[1.0,0.0,0.0,0.0,0.0,0.0,-1.0,0.0,-0.0,1.0,0.0,0.0,-0.0,-0.1931173,1.843177,1.0],"C_spine_02_driver02":[0.0,-1.0,0.0,0.0,1.0,0.0,0.0,0.0,-0.0,0.0,1.0,0.0,-1.843177,-0.1931173,-0.0,1.0],"C_spine_02_driver03":[1.0,0.0,0.0,0.0,0.0,0.0,-1.0,0.0,-0.0,1.0,0.0,0.0,-0.0,0.1931173,1.843177,1.0],"C_spine_02_driver04":[0.0,-1.0,0.0,0.0,1.0,0.0,0.0,0.0,-0.0,0.0,1.0,0.0,-1.843177,0.1931173,-0.0,1.0],"C_spine_02_expand01":[1.0,0.0,0.0,0.0,0.0,1.0,0.0,0.0,-0.0,0.0,1.0,0.0,-0.0,-1.843177,-0.18,1.0],"C_spine_02_expand02":[1.0,0.0,0.0,0.0,0.0,1.0,0.0,0.0,-0.0,0.0,1.0,0.0,0.2,-1.843177,-0.0,1.0],"C_spine_02_expand03":[1.0,0.0,0.0,0.0,0.0,1.0,0.0,0.0,-0.0,0.0,1.0,0.0,-0.0,-1.843177,0.1,1.0],"C_spine_02_expand04":[1.0,0.0,-0.0,0.0,0.0,-1.0,1.192093e-07,0.0,-0.0,-1.192093e-07,-1.0,0.0,-0.2,1.843177,-2.197238e-07,1.0],"C_spine_03":[1.0,0.0,0.0,0.0,0.0,1.0,0.0,0.0,-0.0,0.0,1.0,0.0,-6.52307e-17,-2.036294,-5.551117e-16,1.0],"C_spine_03_Target":[1.0,0.0,0.0,0.0,0.0,1.0,0.0,0.0,-0.0,0.0,1.0,0.0,-0.0,-2.220925,-0.0,1.0],"C_spine_03_driver01":[1.0,0.0,0.0,0.0,0.0,1.0,0.0,0.0,-0.0,0.0,1.0,0.0,-0.0,-2.058401,-0.1320183,1.0],"C_spine_03_driver02":[0.0,-1.0,0.0,0.0,1.0,0.0,0.0,0.0,-0.0,0.0,1.0,0.0,-2.036294,-0.1320183,0.0221067,1.0],"C_spine_03_driver03":[1.0,0.0,0.0,0.0,0.0,1.0,0.0,0.0,-0.0,0.0,1.0,0.0,-0.0,-2.014187,0.1320183,1.0],"C_spine_03_driver04":[0.0,-1.0,0.0,0.0,1.0,0.0,0.0,0.0,-0.0,0.0,1.0,0.0,-2.036294,0.1320183,0.0221067,1.0],"C_spine_03_expand01":[1.0,0.0,0.0,0.0,0.0,1.0,0.0,0.0,-0.0,0.0,1.0,0.0,-0.0,-2.036294,-0.18,1.0],"C_spine_03_expand02":[1.0,0.0,0.0,0.0,0.0,1.0,0.0,0.0,-0.0,0.0,1.0,0.0,0.2,-2.036294,-0.0,1.0],"C_spine_03_expand03":[1.0,0.0,0.0,0.0,0.0,1.0,0.0,0.0,-0.0,0.0,1.0,0.0,-0.0,-2.036294,0.1,1.0],"C_spine_03_expand04":[1.0,0.0,-0.0,0.0,0.0,-1.0,1.192093e-07,0.0,-0.0,-1.192093e-07,-1.0,0.0,-0.2,2.036296,-2.427454e-07,1.0],"C_spine_04":[1.0,0.0,0.0,0.0,0.0,1.0,0.0,0.0,-0.0,0.0,1.0,0.0,-8.659741e-17,-2.168312,0.02210669,1.0],"C_spine_04_End":[1.0,0.0,0.0,0.0,0.0,1.0,0.0,0.0,-0.0,0.0,1.0,0.0,-0.0,-2.296176,0.0221067,1.0],"C_spine_04_expand01":[0.9646701,-0.263299,0.00925415,0.0,0.2627038,0.9639641,0.04195969,0.0,-0.01996862,-0.03804616,0.9990761,0.0,-0.3452348,-2.098658,-0.02214038,1.0],"C_spine_04_expand02":[0.9646701,-0.2632991,0.009254118,0.0,-0.2627038,-0.9639641,-0.0419598,0.0,0.01996862,0.03804628,-0.9990761,0.0,0.3452338,2.098654,0.02214047,1.0],"C_tail_01":[0.0,1.0,-0.0,0.0,0.0,0.0,1.0,0.0,1.0,-0.0,0.0,0.0,0.1108583,-0.0,-1.610977,1.0],"C_tail_02":[0.0,1.0,-0.0,0.0,0.0,0.0,1.0,0.0,1.0,-0.0,0.0,0.0,0.2021407,-0.0,-1.610977,1.0],"C_tail_03":[0.0,1.0,-0.0,0.0,0.0,0.0,1.0,0.0,1.0,-0.0,0.0,0.0,0.2934231,-0.0,-1.610977,1.0],"C_tail_04":[0.0,1.0,-0.0,0.0,0.0,0.0,1.0,0.0,1.0,-0.0,0.0,0.0,0.3847054,-0.0,-1.610977,1.0],"C_tail_05":[0.0,1.0,-0.0,0.0,0.0,0.0,1.0,0.0,1.0,-0.0,0.0,0.0,0.4759878,-0.0,-1.610977,1.0],"C_tail_06":[0.0,1.0,-0.0,0.0,0.0,0.0,1.0,0.0,1.0,-0.0,0.0,0.0,0.5672702,-0.0,-1.610977,1.0],"C_tail_07":[0.0,1.0,-0.0,0.0,0.0,0.0,1.0,0.0,1.0,-0.0,0.0,0.0,0.6585526,-0.0,-1.610977,1.0],"C_tail_08":[0.0,1.0,-0.0,0.0,0.0,0.0,1.0,0.0,1.0,-0.0,0.0,0.0,0.749835,-0.0,-1.610977,1.0],"C_tail_09":[0.0,1.0,-0.0,0.0,0.0,0.0,1.0,0.0,1.0,-0.0,0.0,0.0,0.8411173,-0.0,-1.610977,1.0],"C_tail_10":[0.0,1.0,-0.0,0.0,0.0,0.0,1.0,0.0,1.0,-0.0,0.0,0.0,0.9323997,-0.0,-1.610977,1.0],"C_tail_11":[0.0,1.0,-0.0,0.0,0.0,0.0,1.0,0.0,1.0,-0.0,0.0,0.0,1.023682,-0.0,-1.610977,1.0],"C_tail_12":[0.0,1.0,-0.0,0.0,0.0,0.0,1.0,0.0,1.0,-0.0,0.0,0.0,1.114964,-0.0,-1.610977,1.0],"C_tail_13":[0.0,1.0,-0.0,0.0,0.0,0.0,1.0,0.0,1.0,-0.0,0.0,0.0,1.206247,-0.0,-1.610977,1.0],"C_tail_14":[0.0,1.0,-0.0,0.0,0.0,0.0,1.0,0.0,1.0,-0.0,0.0,0.0,1.297529,-0.0,-1.610977,1.0],"C_tail_15":[0.0,1.0,-0.0,0.0,0.0,0.0,1.0,0.0,1.0,-0.0,0.0,0.0,1.388812,-0.0,-1.610977,1.0],"C_tail_End":[0.0,1.0,-0.0,0.0,0.0,0.0,1.0,0.0,1.0,-0.0,0.0,0.0,1.480094,-0.0,-1.610977,1.0],"C_teethLower":[1.0,-0.0,-3.576279e-07,0.0,0.0,1.0,-0.0,0.0,3.57628e-07,0.0,1.0,0.0,-0.001487789,-2.589808,-0.1496567,1.0],"C_teethUpper":[1.0,-0.0,-4.768372e-07,0.0,0.0,1.0,-0.0,0.0,4.768373e-07,0.0,1.0,0.0,-0.001487846,-2.613583,-0.1495456,1.0],"C_tongue_01":[1.0,6.034587e-07,6.237092e-07,0.0,-8.344651e-07,0.8660254,0.5000001,0.0,-2.384186e-07,-0.5000001,0.8660254,0.0,-0.003139776,-2.192734,-1.397801,1.0],"C_tongue_02":[1.0,3.576279e-07,-3.814698e-06,0.0,-3.576279e-07,1.0,1.364242e-12,0.0,3.814699e-06,0.0,1.0,0.0,-0.003141555,-2.60444,-0.1299794,1.0],"C_tongue_03":[1.0,-1.258947e-06,-6.080222e-06,0.0,-3.576279e-07,0.9659259,-0.2588191,0.0,6.198884e-06,0.2588191,0.9659258,0.0,-0.003141868,-2.551359,0.5301213,1.0],"C_tongue_04":[1.0,-1.824855e-06,-6.05938e-06,0.0,-3.576279e-07,0.9396926,-0.3420201,0.0,6.318093e-06,0.3420202,0.9396926,0.0,-0.003141828,-2.494355,0.7332065,1.0],"C_underChin":[1.000005,-3.097162e-07,-1.788148e-07,0.0,-5.329117e-15,0.5000024,-0.8660296,0.0,3.576297e-07,0.8660296,0.5000025,0.0,-0.00187589,-1.367217,2.135083,1.0],"C_weaponAttachmentChest":[1.0,0.0,0.0,0.0,0.0,1.0,0.0,0.0,-0.0,0.0,1.0,0.0,-0.0,-2.168312,0.0221067,1.0],"C_weaponMain":[1.0,0.0,0.0,0.0,0.0,1.0,0.0,0.0,-0.0,0.0,1.0,0.0,-0.0,-4.292631e-08,2.692091e-09,1.0],"L_12IPVchinS_01":[0.6333708,0.4999998,-0.5906282,0.0,-0.7185048,0.663414,-0.2088845,0.0,0.2873888,0.5566706,0.7794392,0.0,1.826862,-1.782434,0.3836865,1.0],"L_12IPVchinS_02":[0.6333708,0.4999998,-0.5906282,0.0,-0.7185048,0.663414,-0.2088845,0.0,0.2873888,0.5566706,0.7794392,0.0,1.842591,-1.764536,0.3887343,1.0],"L_12IPVchinS_03":[0.7153988,0.254902,-0.6505608,0.0,-0.3889177,0.9187828,-0.06768268,0.0,0.5804716,0.3014348,0.7564321,0.0,0.9152116,-2.39632,0.02699169,1.0],"L_12IPVchinS_04":[0.7153988,0.254902,-0.6505608,0.0,-0.3889177,0.9187828,-0.06768268,0.0,0.5804716,0.3014348,0.7564321,0.0,0.9261242,-2.379463,0.03040688,1.0],"L_12IPVjawline_01":[0.9810604,-0.01101496,-0.1933896,0.0,-0.1773699,0.3501753,-0.9197376,0.0,0.07785115,0.9366195,0.3415893,0.0,0.4543517,-1.039996,2.274564,1.0],"L_12IPVjawline_02":[0.9924039,0.0002340675,-0.1230225,0.0,-0.1225338,0.09093884,-0.9882894,0.0,0.01095619,0.9958566,0.09027673,0.0,0.3301325,-0.3594668,2.490975,1.0],"L_12IPVlipCorner_01":[0.9945221,0.0,0.104528,0.0,0.0,1.0,0.0,0.0,-0.104528,0.0,0.9945222,0.0,0.04885868,-2.594471,-0.1660718,1.0],"L_12IPVlipCorner_02":[0.9945221,0.0,0.104528,0.0,0.0,1.0,0.0,0.0,-0.104528,0.0,0.9945222,0.0,0.05359996,-2.597057,-0.1690348,1.0],"L_12IPVlipCorner_03":[0.9945221,0.0,0.104528,0.0,0.0,1.0,0.0,0.0,-0.104528,0.0,0.9945222,0.0,0.05245933,-2.591385,-0.1660965,1.0],"L_12IPVlipLower_01":[1.0,-8.28019e-08,-4.69593e-07,0.0,0.0,0.984808,-0.1736482,0.0,4.768373e-07,0.1736482,0.9848079,0.0,0.005931948,-2.566577,0.2698782,1.0],"L_12IPVlipLower_02":[1.0,-8.28019e-08,-4.69593e-07,0.0,0.0,0.984808,-0.1736482,0.0,4.768373e-07,0.1736482,0.9848079,0.0,0.006341774,-2.576435,0.2611973,1.0],"L_12IPVlipLower_03":[1.0,-8.28019e-08,-4.69593e-07,0.0,0.0,0.984808,-0.1736482,0.0,4.768373e-07,0.1736482,0.9848079,0.0,0.004180055,-2.586767,0.2664534,1.0],"L_12IPVlipLower_04":[1.0,-8.28019e-08,-4.69593e-07,0.0,0.0,0.984808,-0.1736482,0.0,4.768373e-07,0.1736482,0.9848079,0.0,0.003075099,-2.582659,0.2737623,1.0],"L_12IPVlipLower_05":[1.0,-8.28019e-08,-4.69593e-07,0.0,0.0,0.984808,-0.1736482,0.0,4.768373e-07,0.1736482,0.9848079,0.0,0.00289705,-2.575351,0.2755918,1.0],"L_12IPVlipLower_06":[0.9649803,0.02977403,-0.2606274,0.0,-0.07780955,0.9813126,-0.1759871,0.0,0.2505171,0.1901034,0.949264,0.0,0.168625,-2.559612,0.279012,1.0],"L_12IPVlipLower_07":[0.9649803,0.02977403,-0.2606274,0.0,-0.07780955,0.9813126,-0.1759871,0.0,0.2505171,0.1901034,0.949264,0.0,0.1678758,-2.570581,0.2730434,1.0],"L_12IPVlipLower_08":[0.9649803,0.02977403,-0.2606274,0.0,-0.07780955,0.9813126,-0.1759871,0.0,0.2505171,0.1901034,0.949264,0.0,0.1780066,-2.561959,0.2799881,1.0],"L_12IPVlipLower_09":[0.9649803,0.02977403,-0.2606274,0.0,-0.07780955,0.9813126,-0.1759871,0.0,0.2505171,0.1901034,0.949264,0.0,0.1759341,-2.571983,0.2766442,1.0],"L_12IPVlipLower_10":[0.9649803,0.02977403,-0.2606274,0.0,-0.07780955,0.9813126,-0.1759871,0.0,0.2505171,0.1901034,0.949264,0.0,0.1655765,-2.580541,0.2782444,1.0],"L_12IPVlipLower_11":[0.9649803,0.02977403,-0.2606274,0.0,-0.07780955,0.9813126,-0.1759871,0.0,0.2505171,0.1901034,0.949264,0.0,0.1727205,-2.579857,0.2807837,1.0],"L_12IPVlipLower_12":[0.9649803,0.02977403,-0.2606274,0.0,-0.07780955,0.9813126,-0.1759871,0.0,0.2505171,0.1901034,0.949264,0.0,0.1650755,-2.576082,0.2850739,1.0],"L_12IPVlipLower_13":[0.9649803,0.02977403,-0.2606274,0.0,-0.07780955,0.9813126,-0.1759871,0.0,0.2505171,0.1901034,0.949264,0.0,0.1649319,-2.568965,0.2864767,1.0],"L_12IPVlipLower_14":[0.9649803,0.02977403,-0.2606274,0.0,-0.07780955,0.9813126,-0.1759871,0.0,0.2505171,0.1901034,0.949264,0.0,0.1725402,-2.575419,0.2870459,1.0],"L_12IPVlipLower_15":[0.9649803,0.02977403,-0.2606274,0.0,-0.07780955,0.9813126,-0.1759871,0.0,0.2505171,0.1901034,0.949264,0.0,0.1725743,-2.568786,0.2876022,1.0],"L_12IPVlipLower_16":[0.8901313,0.01924403,-0.4552979,0.0,-0.1040209,0.9813112,-0.1618893,0.0,0.4436736,0.1914632,0.8754975,0.0,0.2167325,-2.566615,0.2528169,1.0],"L_12IPVlipLower_17":[0.8901313,0.01924403,-0.4552979,0.0,-0.1040209,0.9813112,-0.1618893,0.0,0.4436736,0.1914632,0.8754975,0.0,0.2118507,-2.57379,0.2516733,1.0],"L_12IPVlipLower_18":[0.8901313,0.01924403,-0.4552979,0.0,-0.1040209,0.9813112,-0.1618893,0.0,0.4436736,0.1914632,0.8754975,0.0,0.2180496,-2.575729,0.2553349,1.0],"L_12IPVlipLower_19":[0.8901313,0.01924403,-0.4552979,0.0,-0.1040209,0.9813112,-0.1618893,0.0,0.4436736,0.1914632,0.8754975,0.0,0.2096245,-2.579218,0.2547222,1.0],"L_12IPVlipLower_20":[0.8901313,0.01924403,-0.4552979,0.0,-0.1040209,0.9813112,-0.1618893,0.0,0.4436736,0.1914632,0.8754975,0.0,0.2152271,-2.578386,0.2575564,1.0],"L_12IPVlipLower_21":[0.8901313,0.01924403,-0.4552979,0.0,-0.1040209,0.9813112,-0.1618893,0.0,0.4436736,0.1914632,0.8754975,0.0,0.2099776,-2.575494,0.2616598,1.0],"L_12IPVlipLower_22":[0.8901313,0.01924403,-0.4552979,0.0,-0.1040209,0.9813112,-0.1618893,0.0,0.4436736,0.1914632,0.8754975,0.0,0.2106086,-2.569212,0.2623694,1.0],"L_12IPVlipLower_23":[0.8901313,0.01924403,-0.4552979,0.0,-0.1040209,0.9813112,-0.1618893,0.0,0.4436736,0.1914632,0.8754975,0.0,0.2156938,-2.575127,0.2637233,1.0],"L_12IPVlipLower_24":[0.8901313,0.01924403,-0.4552979,0.0,-0.1040209,0.9813112,-0.1618893,0.0,0.4436736,0.1914632,0.8754975,0.0,0.2168295,-2.569715,0.2651207,1.0],"L_12IPVlipUpper_01":[1.0,8.28019e-08,-4.69593e-07,0.0,0.0,0.984808,0.1736482,0.0,4.768373e-07,-0.1736482,0.9848079,0.0,0.00395481,-2.542553,-0.6443183,1.0],"L_12IPVlipUpper_02":[1.0,8.28019e-08,-4.69593e-07,0.0,0.0,0.984808,0.1736482,0.0,4.768373e-07,-0.1736482,0.9848079,0.0,0.005136509,-2.530674,-0.6460834,1.0],"L_12IPVlipUpper_03":[1.0,8.28019e-08,-4.69593e-07,0.0,0.0,0.984808,0.1736482,0.0,4.768373e-07,-0.1736482,0.9848079,0.0,0.004031223,-2.522654,-0.6371486,1.0],"L_12IPVlipUpper_04":[1.0,8.28019e-08,-4.69593e-07,0.0,0.0,0.984808,0.1736482,0.0,4.768373e-07,-0.1736482,0.9848079,0.0,0.003031017,-2.529018,-0.6295527,1.0],"L_12IPVlipUpper_05":[1.0,8.28019e-08,-4.69593e-07,0.0,0.0,0.984808,0.1736482,0.0,4.768373e-07,-0.1736482,0.9848079,0.0,0.003537417,-2.540486,-0.6317726,1.0],"L_12IPVlipUpper_06":[0.9458464,-0.04957407,-0.3208069,0.0,0.09941248,0.9850219,0.1408866,0.0,0.3090175,-0.1651493,0.9366077,0.0,-0.3084801,-2.545825,-0.5507919,1.0],"L_12IPVlipUpper_07":[0.9458464,-0.04957407,-0.3208069,0.0,0.09941248,0.9850219,0.1408866,0.0,0.3090175,-0.1651493,0.9366077,0.0,-0.3069026,-2.53356,-0.5518892,1.0],"L_12IPVlipUpper_08":[0.9458464,-0.04957407,-0.3208069,0.0,0.09941248,0.9850219,0.1408866,0.0,0.3090175,-0.1651493,0.9366077,0.0,-0.2948911,-2.54284,-0.5492285,1.0],"L_12IPVlipUpper_09":[0.9458464,-0.04957407,-0.3208069,0.0,0.09941248,0.9850219,0.1408866,0.0,0.3090175,-0.1651493,0.9366077,0.0,-0.2960114,-2.531125,-0.5472559,1.0],"L_12IPVlipUpper_10":[0.9458464,-0.04957407,-0.3208069,0.0,0.09941248,0.9850219,0.1408866,0.0,0.3090175,-0.1651493,0.9366077,0.0,-0.306572,-2.525237,-0.5438988,1.0],"L_12IPVlipUpper_11":[0.9458464,-0.04957407,-0.3208069,0.0,0.09941248,0.9850219,0.1408866,0.0,0.3090175,-0.1651493,0.9366077,0.0,-0.2980257,-2.526266,-0.5412955,1.0],"L_12IPVlipUpper_12":[0.9458464,-0.04957407,-0.3208069,0.0,0.09941248,0.9850219,0.1408866,0.0,0.3090175,-0.1651493,0.9366077,0.0,-0.3066351,-2.531727,-0.5367374,1.0],"L_12IPVlipUpper_13":[0.9458464,-0.04957407,-0.3208069,0.0,0.09941248,0.9850219,0.1408866,0.0,0.3090175,-0.1651493,0.9366077,0.0,-0.3065606,-2.54295,-0.5382569,1.0],"L_12IPVlipUpper_14":[0.9458464,-0.04957407,-0.3208069,0.0,0.09941248,0.9850219,0.1408866,0.0,0.3090175,-0.1651493,0.9366077,0.0,-0.2992956,-2.532658,-0.5361095,1.0],"L_12IPVlipUpper_15":[0.9458464,-0.04957407,-0.3208069,0.0,0.09941248,0.9850219,0.1408866,0.0,0.3090175,-0.1651493,0.9366077,0.0,-0.2979301,-2.54359,-0.5370349,1.0],"L_12IPVlipUpper_16":[0.8754258,-0.1443453,-0.4612959,0.0,0.2345697,0.9613228,0.1443454,0.0,0.4226187,-0.2345698,0.8754259,0.0,-0.6594145,-2.467369,-0.5485454,1.0],"L_12IPVlipUpper_17":[0.8754258,-0.1443453,-0.4612959,0.0,0.2345697,0.9613228,0.1443454,0.0,0.4226187,-0.2345698,0.8754259,0.0,-0.6638718,-2.457953,-0.5450687,1.0],"L_12IPVlipUpper_18":[0.8754258,-0.1443453,-0.4612959,0.0,0.2345697,0.9613228,0.1443454,0.0,0.4226187,-0.2345698,0.8754259,0.0,-0.6577647,-2.458115,-0.540794,1.0],"L_12IPVlipUpper_19":[0.8754258,-0.1443453,-0.4612959,0.0,0.2345697,0.9613228,0.1443454,0.0,0.4226187,-0.2345698,0.8754259,0.0,-0.6656724,-2.455348,-0.5397905,1.0],"L_12IPVlipUpper_20":[0.8754258,-0.1443453,-0.4612959,0.0,0.2345697,0.9613228,0.1443454,0.0,0.4226187,-0.2345698,0.8754259,0.0,-0.6603841,-2.456978,-0.5369034,1.0],"L_12IPVlipUpper_21":[0.8754258,-0.1443453,-0.4612959,0.0,0.2345697,0.9613228,0.1443454,0.0,0.4226187,-0.2345698,0.8754259,0.0,-0.6662053,-2.461829,-0.5358378,1.0],"L_12IPVlipUpper_22":[0.8754258,-0.1443453,-0.4612959,0.0,0.2345697,0.9613228,0.1443454,0.0,0.4226187,-0.2345698,0.8754259,0.0,-0.6656851,-2.472392,-0.5376596,1.0],"L_12IPVlipUpper_23":[0.8754258,-0.1443453,-0.4612959,0.0,0.2345697,0.9613228,0.1443454,0.0,0.4226187,-0.2345698,0.8754259,0.0,-0.6605523,-2.463614,-0.5338977,1.0],"L_12IPVlipUpper_24":[0.8754258,-0.1443453,-0.4612959,0.0,0.2345697,0.9613228,0.1443454,0.0,0.4226187,-0.2345698,0.8754259,0.0,-0.659349,-2.473421,-0.534782,1.0],"L_12IPVmouthInteriorLower_01":[0.9848434,-0.02521673,-0.1716041,0.0,0.03883913,0.9963135,0.07649408,0.0,0.1690426,-0.08199964,0.9821919,0.0,-0.1151206,-2.560259,-0.3475293,1.0],"L_12IPVmouthInteriorLower_02":[0.9156086,-0.1761309,0.3614401,0.0,0.05791612,0.9473462,0.3149305,0.0,-0.3978778,-0.2674198,0.8775991,0.0,-0.06146608,-2.420274,-0.9266617,1.0],"L_12IPVmouthInteriorUpper_01":[0.9834581,-0.03702302,-0.1773121,0.0,0.05154081,0.9956216,0.0779828,0.0,0.1736486,-0.08583164,0.9810601,0.0,-0.150686,-2.596005,-0.3748108,1.0],"L_12IPVmouthInteriorUpper_02":[0.9028593,0.09893645,0.4183979,0.0,0.07898994,0.9184255,-0.3876275,0.0,-0.4226179,0.3830222,0.8213939,0.0,-0.1108196,-2.452074,0.9084764,1.0],"L_12IPVnasolabialB_01":[0.6729578,0.4084252,-0.6166983,0.0,-0.4465175,0.8889982,0.1015112,0.0,0.5897033,0.2070539,0.7806273,0.0,1.111283,-2.345644,-0.4285708,1.0],"L_12IPVnasolabialB_02":[0.6868015,0.3846906,-0.6166981,0.0,-0.41522,0.9040397,0.1015112,0.0,0.5965699,0.1863474,0.7806271,0.0,1.011322,-2.378905,-0.4262549,1.0],"L_12IPVnasolabialB_03":[0.6868015,0.3846906,-0.6166981,0.0,-0.41522,0.9040397,0.1015112,0.0,0.5965699,0.1863474,0.7806271,0.0,1.002316,-2.376043,-0.4257918,1.0],"L_12IPVnasolabialB_04":[0.7285642,0.2981231,-0.6166982,0.0,-0.3019503,0.9479038,0.1015112,0.0,0.6148334,0.1122548,0.780627,0.0,0.7314814,-2.474374,-0.4251774,1.0],"L_12IPVnasolabialB_05":[0.7557354,0.2203344,-0.6166982,0.0,-0.2012133,0.9742735,0.1015112,0.0,0.623199,0.04737226,0.7806272,0.0,0.4524047,-2.53258,-0.4244976,1.0],"L_12IPVnasolabialB_06":[0.7557354,0.2203344,-0.6166982,0.0,-0.2012133,0.9742735,0.1015112,0.0,0.623199,0.04737226,0.7806272,0.0,0.4452552,-2.530663,-0.4229066,1.0],"L_12IPVnasolabialB_07":[0.7332457,0.06662447,-0.6766918,0.0,-0.1539398,0.9856142,-0.06976538,0.0,0.6623088,0.155325,0.7329536,0.0,0.3391508,-2.5797,0.02860667,1.0],"L_12IPVnasolabialB_08":[0.7353821,-0.03607212,-0.6766918,0.0,-0.01527061,0.9974465,-0.06976551,0.0,0.6774805,0.06163781,0.7329535,0.0,-0.04036188,-2.597751,0.02820374,1.0],"L_12IPVnasolabialB_09":[0.7206855,-0.1506672,-0.6766918,0.0,0.1409525,0.9875552,-0.06976548,0.0,0.6787819,-0.0451024,0.7329536,0.0,-0.4522373,-2.557756,0.03017732,1.0],"L_12IPVnasolabialB_10":[0.7310746,-0.08728184,-0.6766919,0.0,0.05434493,0.9960821,-0.06976542,0.0,0.6801299,0.01422895,0.7329537,0.0,-0.2051156,-2.572506,0.03534103,1.0],"L_12IPVnasolabialB_11":[0.70842,-0.2005726,-0.6766918,0.0,0.2094974,0.9753173,-0.06976542,0.0,0.6739821,-0.09234197,0.7329536,0.0,-0.6218194,-2.507208,0.03369836,1.0],"L_12IPVnasolabialB_12":[0.6736113,-0.2972136,-0.6766918,0.0,0.3431965,0.9366692,-0.06976545,0.0,0.6545715,-0.1852435,0.7329537,0.0,-0.9733129,-2.396743,0.03343507,1.0],"L_12IPVnasolabialB_13":[0.6040227,-0.6446542,-0.4685909,0.0,0.7198462,0.693633,-0.0263555,0.0,0.3420204,-0.3213942,0.8830221,0.0,-1.921474,-1.795783,-0.1015816,1.0],"L_12IPVnasolabialB_14":[0.6040227,-0.6446542,-0.4685909,0.0,0.7198462,0.693633,-0.0263555,0.0,0.3420204,-0.3213942,0.8830221,0.0,-1.928882,-1.81686,-0.09982289,1.0],"L_12IPVnasolabialB_15":[0.6040227,-0.6446542,-0.4685909,0.0,0.7198462,0.693633,-0.0263555,0.0,0.3420204,-0.3213942,0.8830221,0.0,-1.908716,-1.818274,-0.09851327,1.0],"L_12IPVnasolabialF_01":[0.7036204,-0.6627097,-0.2563868,0.0,0.6794783,0.7330771,-0.03011993,0.0,0.207912,-0.1530163,0.9661049,0.0,-1.802909,-1.932073,-0.09472382,1.0],"L_12IPVnasolabialF_02":[0.7036204,-0.6627097,-0.2563868,0.0,0.6794783,0.7330771,-0.03011993,0.0,0.207912,-0.1530163,0.9661049,0.0,-1.803233,-1.924101,-0.09550303,1.0],"L_12IPVnasolabialF_03":[0.7036204,-0.6627097,-0.2563868,0.0,0.6794783,0.7330771,-0.03011993,0.0,0.207912,-0.1530163,0.9661049,0.0,-1.803991,-1.918374,-0.09757377,1.0],"L_12IPVnasolabialF_04":[0.7036204,-0.6627097,-0.2563868,0.0,0.6794783,0.7330771,-0.03011993,0.0,0.207912,-0.1530163,0.9661049,0.0,-1.793244,-1.930014,-0.09602149,1.0],"L_12IPVnasolabialF_05":[0.7036204,-0.6627097,-0.2563868,0.0,0.6794783,0.7330771,-0.03011993,0.0,0.207912,-0.1530163,0.9661049,0.0,-1.793938,-1.921188,-0.09742218,1.0],"L_12IPVnasolabialF_06":[0.7036204,-0.6627097,-0.2563868,0.0,0.6794783,0.7330771,-0.03011993,0.0,0.207912,-0.1530163,0.9661049,0.0,-1.794475,-1.915056,-0.0999044,1.0],"L_12IPVnasolabialF_07":[0.7036204,-0.6627097,-0.2563868,0.0,0.6794783,0.7330771,-0.03011993,0.0,0.207912,-0.1530163,0.9661049,0.0,-1.783402,-1.927442,-0.09614833,1.0],"L_12IPVnasolabialF_08":[0.7036204,-0.6627097,-0.2563868,0.0,0.6794783,0.7330771,-0.03011993,0.0,0.207912,-0.1530163,0.9661049,0.0,-1.784404,-1.918515,-0.09874596,1.0],"L_12IPVnasolabialF_09":[0.7036204,-0.6627097,-0.2563868,0.0,0.6794783,0.7330771,-0.03011993,0.0,0.207912,-0.1530163,0.9661049,0.0,-1.784696,-1.912681,-0.1011034,1.0],"L_12IPVnostril_01":[0.920527,-0.03184288,0.3893792,0.0,-0.09641591,0.9473282,0.3054069,0.0,-0.378595,-0.3186776,0.8689709,0.0,0.3425662,-2.461127,-0.9666722,1.0],"L_12IPVnostril_02":[0.923052,-0.3390118,0.1817858,0.0,0.2811429,0.9170806,0.2827045,0.0,-0.2625525,-0.2098431,0.9418237,0.0,-0.6771185,-2.404335,-0.9098223,1.0],"L_12IPVnostril_03":[0.8373721,-0.5346657,-0.1137556,0.0,0.5459574,0.8076835,0.2226605,0.0,-0.02717041,-0.2485553,0.9682366,0.0,-1.415658,-2.108382,-0.7585219,1.0],"L_12IPVnostril_04":[0.920527,-0.03184288,0.3893792,0.0,-0.09641591,0.9473282,0.3054069,0.0,-0.378595,-0.3186776,0.8689709,0.0,0.3428562,-2.453015,-0.9693159,1.0],"L_12IPVnostril_05":[0.9650514,-0.176398,0.1938032,0.0,0.1143448,0.9488607,0.2942599,0.0,-0.235799,-0.2618155,0.9358695,0.0,-0.2384721,-2.469923,-0.9413948,1.0],"L_12IPVnostril_06":[0.920527,-0.03184288,0.3893792,0.0,-0.09641591,0.9473282,0.3054069,0.0,-0.378595,-0.3186776,0.8689709,0.0,0.3440586,-2.444055,-0.9721001,1.0],"L_12IPVnostril_07":[0.989386,0.1241208,0.07556298,0.0,-0.1405529,0.9494164,0.2808086,0.0,-0.03688655,-0.2884487,0.9567846,0.0,0.4013301,-2.452014,-0.9153995,1.0],"L_12IPVnostril_08":[0.9985809,0.006273511,-0.05288715,0.0,0.003081363,0.9845688,0.1749705,0.0,0.05316873,-0.1748852,0.9831522,0.0,0.004359279,-2.568465,-0.6363952,1.0],"L_12IPVnostril_09":[0.8282348,-0.01590163,0.5601557,0.0,-0.1658089,0.9478848,0.2720701,0.0,-0.5352893,-0.3182167,0.7824345,0.0,0.5537829,-2.437339,-0.862742,1.0],"L_12IPVnostril_10":[0.989386,0.1241208,0.07556298,0.0,-0.1405529,0.9494164,0.2808086,0.0,-0.03688655,-0.2884487,0.9567846,0.0,0.3978085,-2.447072,-0.9191198,1.0],"L_12IPVnostril_11":[0.9263742,0.1699736,-0.3360653,0.0,-0.1013548,0.9719554,0.2122036,0.0,0.3627094,-0.1625182,0.917622,0.0,0.2187738,-2.529545,-0.7315022,1.0],"L_12IPVnostril_12":[0.9263742,0.1699736,-0.3360653,0.0,-0.1013548,0.9719554,0.2122036,0.0,0.3627094,-0.1625182,0.917622,0.0,0.2102427,-2.524545,-0.7328773,1.0],"L_12IPVnostril_13":[0.8373721,-0.5346657,-0.1137556,0.0,0.5459574,0.8076835,0.2226605,0.0,-0.02717041,-0.2485553,0.9682366,0.0,-1.405572,-2.09488,-0.7577597,1.0],"L_12IPVnostril_14":[0.9263742,0.1699736,-0.3360653,0.0,-0.1013548,0.9719554,0.2122036,0.0,0.3627094,-0.1625182,0.917622,0.0,0.2140993,-2.515258,-0.7322107,1.0],"L_12IPVunderChin_01":[0.9810603,-0.004403329,-0.1936528,0.0,-0.1729874,0.4299142,-0.8861428,0.0,0.08715609,0.9028589,0.42101,0.0,0.4420107,-1.212636,2.183554,1.0],"L_12IPVunderChin_02":[0.9810603,0.06209549,-0.1834803,0.0,-0.1729875,0.7070661,-0.6856626,0.0,0.08715609,0.7044161,0.7044161,0.0,0.4469586,-1.858766,1.667103,1.0],"L_cheekInner":[0.9067401,-0.3602943,-0.2191335,0.0,0.4037068,0.8918234,0.2041597,0.0,0.1218703,-0.2735842,0.954101,0.0,-1.059718,-2.348385,-0.6941637,1.0],"L_cheekInner_01":[0.8963804,-0.3435126,-0.280181,0.0,0.3758649,0.9240594,0.06956893,0.0,0.2350061,-0.1676704,0.9574229,0.0,-1.011303,-2.449254,-0.3474745,1.0],"L_cheekInner_02":[0.7293929,-0.6250597,-0.2780043,0.0,0.6668671,0.7402918,0.08518382,0.0,0.1525593,-0.2475242,0.9567955,0.0,-1.776143,-1.940328,-0.3969055,1.0],"L_cheekInner_03":[0.8963804,-0.3435126,-0.280181,0.0,0.3758649,0.9240594,0.06956893,0.0,0.2350061,-0.1676704,0.9574229,0.0,-0.9954326,-2.450335,-0.3495331,1.0],"L_cheekInner_04":[0.7293929,-0.6250597,-0.2780043,0.0,0.6668671,0.7402918,0.08518382,0.0,0.1525593,-0.2475242,0.9567955,0.0,-1.763775,-1.940093,-0.3974541,1.0],"L_cheekLower":[0.6287437,0.07463805,-0.7740282,0.0,-0.1336437,0.9909489,-0.01300364,0.0,0.7660484,0.1116194,0.633025,0.0,0.2993897,-2.599867,-0.09806211,1.0],"L_cheekLower_01":[0.7535968,0.07463774,-0.6530856,0.0,-0.1293547,0.9909441,-0.03601285,0.0,0.6444834,0.1116189,0.7564272,0.0,0.3018157,-2.591865,-0.05596617,1.0],"L_cheekLower_02":[0.4847809,0.07463776,-0.8714452,0.0,-0.1338708,0.9909442,0.01040094,0.0,0.8643298,0.1116189,0.4903827,0.0,0.2945993,-2.601149,-0.1567191,1.0],"L_cheekOuter":[0.6955617,0.1429233,-0.7041137,0.0,-0.2260018,0.9737954,-0.02559269,0.0,0.6820018,0.1769314,0.7096326,0.0,0.570824,-2.612356,-0.07042778,1.0],"L_cheekOuter_01":[0.6413167,0.1871376,-0.7441052,0.0,-0.141966,0.9819971,0.1246105,0.0,0.7540283,0.02572289,0.6563383,0.0,0.3165919,-2.610696,-0.4825251,1.0],"L_cheekOuter_02":[0.6558497,-0.04901118,-0.7532985,0.0,-0.1244595,0.977214,-0.1719386,0.0,0.7445607,0.2065212,0.6348057,0.0,0.28283,-2.622749,0.3056688,1.0],"L_cheekOuter_03":[0.466448,0.4766279,-0.7451525,0.0,-0.6139314,0.7809092,0.1151925,0.0,0.6368003,0.4037411,0.6568702,0.0,1.619629,-2.097996,-0.4594507,1.0],"L_cheekOuter_04":[0.905066,-0.01535366,0.424994,0.0,0.04743246,0.9967573,-0.06500236,0.0,-0.4226179,0.07898996,0.9028592,0.0,0.006708183,-2.708071,0.1148478,1.0],"L_chinSide":[0.7154027,0.2549034,-0.6505641,0.0,-0.3889199,0.9187878,-0.06768313,0.0,0.5804747,0.3014364,0.7564364,0.0,0.9312631,-2.395671,0.02576732,1.0],"L_chin_01":[0.9565254,0.1068788,-0.2713598,0.0,-0.0633857,0.9843753,0.1642793,0.0,0.2846778,-0.139937,0.9483545,0.0,0.125737,-2.493273,-0.5933014,1.0],"L_chin_02":[0.951066,0.08115422,-0.2981403,0.0,-0.1113584,0.9900755,-0.08573271,0.0,0.2882238,0.1147379,0.9506643,0.0,0.2498522,-2.54571,0.04617263,1.0],"L_chin_03":[0.9526657,-0.1122092,-0.282555,0.0,-0.1240851,0.7049495,-0.6983186,0.0,0.2775449,0.7003251,0.6576576,0.0,0.2854198,-1.91434,1.658324,1.0],"L_ear":[0.9986345,-0.05226452,-0.002739548,0.0,0.05233629,0.9972658,0.05226452,0.0,4.771294e-07,-0.05233628,0.9986343,0.0,-0.0341283,-2.725662,-0.1592815,1.0],"L_ear_01":[0.9986296,-0.05226415,-0.002739529,0.0,0.05233591,0.997261,0.05226427,0.0,4.768373e-07,-0.05233603,0.9986296,0.0,-0.03410681,-2.725643,-0.1592949,1.0],"L_ear_02":[0.9986296,-0.05226415,-0.002739529,0.0,0.05233591,0.997261,0.05226427,0.0,4.768373e-07,-0.05233603,0.9986296,0.0,0.004545607,-2.770315,-0.1305587,1.0],"L_ear_03":[0.9986296,-0.05226415,-0.002739529,0.0,0.05233591,0.997261,0.05226427,0.0,4.768373e-07,-0.05233603,0.9986296,0.0,-0.001654653,-2.733253,-0.1386048,1.0],"L_ear_04":[0.9986296,-0.05226415,-0.002739529,0.0,0.05233591,0.997261,0.05226427,0.0,4.768373e-07,-0.05233603,0.9986296,0.0,-0.02394979,-2.696132,-0.1706889,1.0],"L_eyeCornerInner":[1.000005,0.0,-3.576295e-07,0.0,-5.329117e-15,1.000005,-1.490128e-08,0.0,3.576297e-07,1.490128e-08,1.000005,0.0,0.0312109,-2.684934,-0.1556947,1.0],"L_eyeCornerInner_01":[1.0,-0.0,-4.768372e-07,0.0,0.0,1.0,-0.0,0.0,4.768373e-07,0.0,1.0,0.0,0.03513498,-2.692954,-0.153071,1.0],"L_eyeCornerInner_02":[1.0,-0.0,-4.768372e-07,0.0,0.0,1.0,-0.0,0.0,4.768373e-07,0.0,1.0,0.0,0.03569913,-2.683078,-0.1544607,1.0],"L_eyeCornerOuter":[0.7071098,0.0,-0.7071104,0.0,-1.05368e-08,1.000005,-1.05368e-08,0.0,0.7071105,1.490128e-08,0.7071101,0.0,-0.04305984,-2.702268,-0.1534086,1.0],"L_eyeCornerOuter_01":[0.7071065,-0.0,-0.7071071,0.0,0.0,1.0,-0.0,0.0,0.7071071,0.0,0.7071066,0.0,-0.04613578,-2.704585,-0.1559409,1.0],"L_eyeCornerOuter_02":[0.7071065,-0.0,-0.7071071,0.0,0.0,1.0,-0.0,0.0,0.7071071,0.0,0.7071066,0.0,-0.04235395,-2.699068,-0.154439,1.0],"L_eyeParallel":[1.0,-0.0,-4.768372e-07,0.0,0.0,1.0,-0.0,0.0,4.768373e-07,0.0,1.0,0.0,0.0515001,-2.698868,-0.1212596,1.0],"L_eyelashesCornerOuter_01":[0.7071065,-0.0,-0.7071071,0.0,0.0,1.0,-0.0,0.0,0.7071071,0.0,0.7071066,0.0,-0.04613578,-2.704585,-0.1559409,1.0],"L_eyelashesUpperA_01":[0.955555,0.1736483,0.2382462,0.0,-0.231859,0.9417765,0.2435133,0.0,-0.182089,-0.2879299,0.9401809,0.